Layer 1
Weights:
-1.975073
-2.0241232
-0.64070636
-5.766241
-2.5889802
4.1545787
-1.9712617
0.14277111
-0.808843
1.9891969
-0.2659884
-2.192994
-0.92468953
-1.1842859
-0.61415946
0.4427634
-0.36573634
-0.4271629
-6.8906054
4.7636557
1.3109448
-2.1342936
-1.1858585
-0.60582936
-0.8200397
-1.9333371
-1.7217299
-3.0838077
0.84381866
2.18097
4.710002
2.7689707
-5.9991636
-1.1538934
0.4632188
-1.3347467
0.47834498
0.5579379
0.07268396
2.5176265
-2.870453
0.6870619
0.68750596
-0.48097345
1.1555492
-3.3872528
-1.7132288
-2.4461634
Biases:
-0.7911742
-2.6897156
1.7508879
-0.780465
-2.3720543
-1.8600596
-2.467555
-2.6326823
-0.78478277
-0.8330391
-4.2925467
2.0262992
1.2882049
0.69302285
2.748194
0.08566703
Values:
-0.07324921
-0.021100512
-0.02865211
-0.27483785
-0.060181167
-0.22907017
-0.13986196
-0.025757093
-0.07987803
-0.25727373
-0.11918093
0.41609046
1.8153844
0.66000587
3.5926073
-0.031068048

Layer2
Weights:
0.15124911
2.6195276
-2.8706696
-0.1195155
-0.58272904
1.006808
1.8992373
0.63576037
0.4821941
0.70981395
0.60627526
1.3451455
0.74061143
-0.5662062
-0.020218574
2.4123774
-0.102182925
0.86729115
-2.172957
-1.0250523
-0.48605737
-1.1148477
2.0758355
-0.12773858
0.12578513
0.9654463
-0.48079374
-1.6988404
-2.564887
-2.0226965
1.4828961
0.109965004
0.6009947
2.313705
1.7029111
1.2832729
0.9093235
-0.4000361
-1.6181883
-0.2851345
0.12673448
2.3861568
0.86394787
1.66645
-1.4283901
1.4811116
-0.58513576
-0.8700275
-1.0471432
-0.9923074
1.4581302
-0.030578133
-0.8186534
0.1634964
0.84553736
-0.26651046
-0.64022857
1.2646035
-0.6819508
-0.59188914
-4.497538
2.0145435
1.6301692
1.5207245
0.03974906
3.642249
1.5767583
-0.08881568
-0.19948222
-0.22321418
1.2677193
1.4630134
0.029881887
-0.2862494
-0.5384128
0.04722364
1.497605
-2.186335
-1.475723
0.23389855
0.8194029
1.8833874
-0.28634977
0.1494058
1.2328366
-0.38235
-2.0082507
-0.34519526
-0.58098894
-2.6161213
-2.415441
0.6417525
0.09880129
-2.074891
-0.9468563
2.0935955
1.019484
0.5930614
-0.5292606
-0.4844968
0.79936874
0.009194598
-0.196263
-0.40617594
0.26058707
0.07063964
-2.158594
1.422277
0.022735562
0.13570534
-0.8005124
0.33258852
0.25726065
2.0666456
0.17006817
0.3534329
0.30017364
0.96178144
-0.6823943
0.23275475
1.0009375
-2.0435743
1.0268728
-0.11418248
3.813848
1.8980283
-2.0472202
-0.68774444
-0.30782667
1.1509778
-0.9638015
-1.0939403
0.9078446
-0.96036005
-1.276791
0.66207594
-1.3446918
3.6099753
-1.6271044
0.9090608
-2.6834536
-1.7712184
0.8276509
0.38588127
-0.22253327
0.5936276
0.76506305
0.0065238923
-0.56072795
-0.6201574
-1.5839076
0.77415675
0.72593635
2.854682
1.8201636
-0.8627728
2.5704417
-1.8201149
-0.95035124
-0.88459027
-1.1153816
0.9760238
-0.03371016
0.60632676
0.07211868
-0.7182374
2.4555933
-0.8690919
-0.059382927
-0.22088288
-2.3134575
-0.7366637
1.3964362
0.91234535
-1.1161155
-0.34854254
0.5264226
3.4284222
0.52308637
-0.5647971
0.7448127
-0.12185031
1.9007978
-0.65478784
-0.16709583
1.2527051
1.6148579
1.3592663
-1.6405498
-1.6247555
1.0850635
2.51112
Biases:
0.13570993
1.6662078
1.4128678
-0.102729596
0.9819916
3.163356
1.3501484
-0.074370384
2.103522
0.4321668
0.17670143
0.24195111
Values:
0.5488917
0.25470486
-0.18615842
-0.26859784
-0.12955853
-0.023680117
-0.20035769
0.49341258
-0.20620687
-0.18888028
-0.2621303
-0.07395569

Layer3
Weights:
-0.24208103
0.08286476
0.16750881
-0.04954577
0.00383061
-0.055442616
0.010851914
0.0041699163
-0.07734246
0.15651135
0.41693565
-0.09453335
0.11757655
-0.07214427
0.026803827
-0.06614182
0.040210325
-0.070768595
0.06311214
0.146347
0.16517064
-0.12883899
-0.03453939
-0.021701496
0.4545493
-0.25962532
0.00938454
0.020907998
-0.12055176
0.02184575
0.053711373
0.047210857
0.010220482
0.04970583
-0.09877615
-0.010876343
0.07048139
-0.177049
-0.037652522
-0.017762367
0.36929232
0.43355086
-0.25331852
-0.036555376
0.032217074
-0.014704817
0.03182752
-4.539579E-4
-0.03319306
0.07741071
0.02367974
0.019765766
-0.03261725
-0.124482624
-0.25239548
-0.3136457
0.32693276
0.2662073
0.21100104
-0.17361155
-0.13171853
0.14103785
-0.13002166
0.17517814
0.17820722
-0.1571573
0.18937217
-0.09819522
-0.28893736
0.034372814
-0.47178242
0.008163366
-0.03779269
-0.0041638203
-0.11953131
0.01817722
0.03364007
-0.029448
0.012130247
0.20210397
0.17724077
-0.12351373
0.17498916
-0.04414795
-0.11014335
0.018515944
-0.03471974
-0.057647508
-0.16212888
-0.078204036
0.20903306
0.04051525
-0.067253135
-0.08385206
0.01907274
0.08213561
-0.17608221
-1.2456113E-4
-0.10998032
-0.07480249
-0.27228633
0.03377934
-0.1888754
-0.0010938876
-0.14187878
-0.2144094
-0.08012845
0.19235632
-0.025801573
0.010358214
0.14106677
0.009876019
-0.27008003
0.048336603
-0.017259693
-0.022749549
-0.17746381
-0.08258232
-0.082214125
0.18839288
0.07188353
0.17404222
0.03482883
-0.04736379
0.08085651
-0.020927638
-0.015890753
0.042472836
-0.05734674
-0.03637456
-0.131603
-0.09475777
Biases:
0.1589019
0.009415609
-0.0070471847
0.15151474
0.42907462
0.29304338
0.1121158
0.15019988
0.23554757
-0.05808409
0.14083642
Values:
-0.041132625
0.06658
0.11707019
0.06321344
0.088519275
0.17506604
0.078025155
0.07261979
0.19048803
-0.0062757377
0.17572157

